BTC Down Diff N observed analysis
Generated UTC: 2026-07-07 17:15:17
Database: 192.168.0.101:5432/polycopytrader
snapshots=8242
snapshot_period=2026-06-08 07:40:00 UTC - 2026-07-07 17:10:00 UTC
max_down_n=28
max_up_side_abs=36
positive_down_samples=4119
down_n_ge_10=1335
down_n_gt_10=1160
family_run_rows=4370
family_run_period=2026-07-06 05:05:00 UTC - 2026-07-07 17:25:00 UTC
n10_settled_rows=67
n10_total_pnl=23.328079

Existing N=1..10 performance:
| n | settled | entered_or_settled | skipped | wins | losses | pnl |
| --- | --- | --- | --- | --- | --- | --- |
| 1 | 386 | 388 | 47 | 187 | 199 | -102.336451 |
| 2 | 358 | 360 | 75 | 177 | 181 | -53.556323 |
| 3 | 332 | 333 | 102 | 165 | 167 | -41.57344 |
| 4 | 307 | 307 | 128 | 153 | 154 | -36.057968 |
| 5 | 274 | 274 | 161 | 139 | 135 | -2.306425 |
| 6 | 234 | 234 | 201 | 119 | 115 | 0.053059 |
| 7 | 193 | 193 | 242 | 102 | 91 | 44.710222 |
| 8 | 151 | 151 | 284 | 79 | 72 | 25.023347 |
| 9 | 109 | 109 | 326 | 61 | 48 | 63.065565 |
| 10 | 67 | 67 | 368 | 36 | 31 | 23.328079 |

Observed threshold counts:
| n | samples_ge_n | pct_of_all_samples |
| --- | --- | --- |
| 1 | 4119 | 49.98 |
| 2 | 3624 | 43.97 |
| 3 | 3185 | 38.64 |
| 4 | 2823 | 34.25 |
| 5 | 2512 | 30.48 |
| 6 | 2223 | 26.97 |
| 7 | 1950 | 23.66 |
| 8 | 1711 | 20.76 |
| 9 | 1510 | 18.32 |
| 10 | 1335 | 16.2 |
| 11 | 1160 | 14.07 |
| 12 | 981 | 11.9 |
| 13 | 838 | 10.17 |
| 14 | 720 | 8.74 |
| 15 | 601 | 7.29 |
| 16 | 505 | 6.13 |
| 17 | 415 | 5.04 |
| 18 | 322 | 3.91 |
| 19 | 253 | 3.07 |
| 20 | 213 | 2.58 |
| 21 | 174 | 2.11 |
| 22 | 123 | 1.49 |
| 23 | 79 | 0.96 |
| 24 | 47 | 0.57 |
| 25 | 26 | 0.32 |
| 26 | 17 | 0.21 |
| 27 | 9 | 0.11 |
| 28 | 3 | 0.04 |

N>10 proxy using existing N=10 settled rows:
| n | snapshot_opportunities | n10_settled_proxy_rows | wins | losses | pnl_proxy_from_n10_rows |
| --- | --- | --- | --- | --- | --- |
| 11 | 1160 | 37 | 14 | 23 | -58.619908 |
| 12 | 981 | 19 | 5 | 14 | -55.652309 |
| 13 | 838 | 5 | 0 | 5 | -30.027897 |
| 14 | 720 | 0 | 0 | 0 | 0 |
| 15 | 601 | 0 | 0 | 0 | 0 |
| 16 | 505 | 0 | 0 | 0 | 0 |
| 17 | 415 | 0 | 0 | 0 | 0 |
| 18 | 322 | 0 | 0 | 0 | 0 |
| 19 | 253 | 0 | 0 | 0 | 0 |
| 20 | 213 | 0 | 0 | 0 | 0 |
| 21 | 174 | 0 | 0 | 0 | 0 |
| 22 | 123 | 0 | 0 | 0 | 0 |
| 23 | 79 | 0 | 0 | 0 | 0 |
| 24 | 47 | 0 | 0 | 0 | 0 |
| 25 | 26 | 0 | 0 | 0 | 0 |
| 26 | 17 | 0 | 0 | 0 | 0 |
| 27 | 9 | 0 | 0 | 0 | 0 |
| 28 | 3 | 0 | 0 | 0 | 0 |
